 ncr=	           0
 non=	        8562
 ntol=	        8562
 Distribution of intermediate O-O:
 Type:	O-O pair:	number:		%:
 O4:	         193	          73	   2.643836    	  2.2541462E-02
 O5:	        1229	         415	   2.961446    	  0.1435412    
 O6:	         154	          49	   3.142857    	  1.7986452E-02
 O45:	        2285	         843	   2.710557    	  0.2668769    
 O46:	         603	         232	   2.599138    	  7.0427470E-02
 O56:	        2423	         789	   3.070976    	  0.2829946    
 O456:	        1675	         599	   2.796327    	  0.1956319    
 Ototal:	        8562
 	
 Number of crys in ZAL-O:
 Type:	Ncrys:	NZAl-O:		%:
 O4:	           0	          73	  0.0000000E+00
 O5:	           0	         415	  0.0000000E+00
 O6:	           0	          49	  0.0000000E+00
 O45:	           0	         843	  0.0000000E+00
 O46:	           0	         232	  0.0000000E+00
 O56:	           0	         789	  0.0000000E+00
 O456:	           0	         599	  0.0000000E+00
 crys:		non-crys:
 NaN           	   2.854000    
